7.27951 2.58801 0.526762
6.55154 4.39064 0.494617
6.19855 3.27759 0.720573
5.87299 3.04136 0.778332
5.54726 2.2573 0.735236
5.20172 1.70692 0.793121
4.95375 1.43317 0.732456
4.68711 1.39693 0.588723
4.51963 1.42244 0.349731
4.16156 1.26597 0.16012
3.77474 1.43656 0.237459
3.63996 1.55413 0.394868
3.4471 1.59828 0.438257
3.27742 1.79041 0.396432
3.0499 1.89068 0.392641
2.88745 1.84029 0.454274
2.71526 1.78096 0.540814
2.61128 1.78725 0.457352
2.46164 1.72045 0.233416
2.32396 1.74516 0.136814
2.12184 1.6127 0.167514
2.02521 2.08676 0.402296
1.90656 1.76033 0.230156
1.82381 1.6213 0.230573
1.68647 1.5086 0.212324
1.59474 1.35943 0.589924
1.53534 1.33788 0.422261
1.43451 1.26597 0.148689
1.32288 1.30906 0.231031
1.28432 1.37047 0.301062
1.20237 1.64857 0.38472
1.12699 1.72436 0.124942
1.03881 1.74817 0.206786
1.00615 1.81718 0.484974
7.46713 2.58361 1
7.79718 2.59021 0.809868
8.23766 2.79514 0.358215
8.86805 2.22751 0.173324
9.53802 2.24065 0.296946
